IESNA:LM-63-2002
[TEST]          
[TESTLAB] Intertek                                   
[ISSUEDATE] 9/20/2012
[MANUFAC]DIALIGHT                                                                        
[LUMCAT]254994, MOD#:SL3N5SLGG                                                          
[LUMINAIRE]LED STREET LIGHT                                                                
[LAMP]LED                                                                             
[LAMPCAT]NA. LUMINAIRE OUTPUT:  20198 Lms.                                               
[OTHER]120 VAC, 2112.8mA 251.89W,  0.9929PF                                            
TILT=NONE
1
    20198
1
73
30
1
1
    0.00
    0.00
    0.00
1
1
   251.8
0 2.5 5 7.5 10 12.5 15 17.5 20 22.5 25 27.5 30 32.5 35 37.5
40 42.5 45 47.5 50 52.5 55 57.5 60 62.5 65 67.5 70 72.5 75
77.5 80 82.5 85 87.5 90 92.5 95 97.5 100 102.5 105 107.5 110
112.5 115 117.5 120 122.5 125 127.5 130 132.5 135 137.5 140
142.5 145 147.5 150 152.5 155 157.5 160 162.5 165 167.5 170
172.5 175 177.5 180
0 5 15 25 35 45 55 60 62.5 65 67.5 70 72.5 75 77.5 80 82.5
85 87.5 90 95 105 115 125 135 145 155 165 175 180
    2505.7     2887.0     3466.2     4026.1     4402.1     4515.7     4592.4     4601.8     4907.2     5925.0
    7174.5     8106.4     8326.4     8088.4     7935.8     7911.8     7426.9     6331.1     5528.5     5518.1
    5886.8     6457.1     6414.5     5507.9     4551.6     5169.8     4690.7     2400.9      808.8      298.1
     180.9      112.1       60.1       33.0       25.1       13.9        7.5        3.6        1.8        0.2
       0.1        0.0        0.0        0.0        0.0        0.0        0.0        0.0        0.0        0.0
       0.0        0.0        0.0        0.0        0.0        0.0        0.0        0.0        0.0        0.0
       0.0        0.0        0.0        0.0        0.0        0.0        0.0        0.0        0.0        0.0
       0.0        0.0        0.0
    2505.7     2875.9     3454.2     4023.7     4410.6     4519.3     4600.0     4717.5     5146.5     6061.3
    6997.4     7735.9     8077.4     8021.4     7907.7     7784.9     7232.1     6320.4     5769.4     5786.9
    6089.7     6479.7     6249.7     5402.4     4702.6     5257.1     4738.3     2558.1     1006.6      388.9
     239.0      149.4       76.7       36.8       25.6       15.4        8.8        4.2        1.7        0.2
       0.4        0.0        0.0        0.0        0.0        0.0        0.0        0.0        0.0        0.0
       0.0        0.0        0.0        0.0        0.0        0.0        0.0        0.0        0.0        0.0
       0.0        0.0        0.0        0.0        0.0        0.0        0.0        0.0        0.0        0.0
       0.0        0.0        0.0
    2505.7     2853.7     3430.2     4019.0     4427.7     4526.3     4615.2     4948.9     5624.9     6334.0
    6643.1     6994.9     7579.2     7887.6     7851.6     7531.1     6842.5     6298.8     6251.1     6324.4
    6495.4     6524.6     5920.2     5191.2     5004.6     5431.9     4833.4     2872.6     1402.5      570.5
     355.2      223.8      109.9       44.5       26.4       18.3       11.3        5.2        1.4        0.3
       0.1        0.0        0.0        0.0        0.0        0.0        0.0        0.0        0.0        0.0
       0.0        0.0        0.0        0.0        0.0        0.0        0.0        0.0        0.0        0.0
       0.0        0.0        0.0        0.0        0.0        0.0        0.0        0.0        0.0        0.0
       0.0        0.0        0.0
    2505.7     2842.1     3375.3     3933.9     4346.8     4498.5     4637.8     5260.8     6097.5     6618.3
    6644.3     6677.9     6895.9     6969.5     6810.0     6469.2     6034.4     5863.1     6224.8     6756.5
    7210.5     7364.9     6742.1     5888.8     5574.4     6241.6     6556.2     5134.2     3225.4     1640.9
     607.0      254.2      126.3       60.7       36.8       23.2       13.8        7.5        3.7        1.6
       0.6        0.2        0.0        0.0        0.0        0.0        0.0        0.0        0.0        0.0
       0.0        0.0        0.0        0.0        0.0        0.0        0.0        0.0        0.0        0.0
       0.0        0.0        0.0        0.0        0.0        0.0        0.0        0.0        0.0        0.0
       0.0        0.0        0.0
    2505.7     2816.0     3296.0     3810.2     4227.1     4440.9     4655.6     5458.3     6372.6     6743.9
    6610.9     6456.7     6401.5     6316.4     6106.2     5796.2     5544.3     5584.2     6097.8     6854.0
    7491.3     7882.6     7537.6     6817.9     6278.9     6747.8     7716.2     7328.6     5433.3     3335.0
    1572.5      576.1      194.9       89.9       43.7       25.9       15.8        9.9        5.7        3.3
       1.5        0.5        0.3        0.1        0.0        0.0        0.0        0.0        0.0        0.0
       0.0        0.0        0.0        0.0        0.0        0.0        0.0        0.0        0.0        0.0
       0.0        0.0        0.0        0.0        0.0        0.0        0.0        0.0        0.0        0.0
       0.0        0.0        0.0
    2505.7     2784.8     3189.9     3626.1     4024.5     4291.6     4624.3     5475.0     6407.1     6720.1
    6574.6     6369.9     6275.4     6137.5     5925.6     5641.1     5401.1     5442.2     5858.1     6678.3
    7453.4     8103.7     8378.6     7963.5     7142.5     6811.8     7699.2     8795.3     8124.0     5963.1
    3667.4     1710.5      562.3      190.7       63.2       26.8       18.2       12.4        7.7        4.9
       3.2        1.7        1.0        0.5        0.4        0.3        0.0        0.0        0.0        0.0
       0.0        0.0        0.0        0.0        0.0        0.0        0.0        0.0        0.0        0.0
       0.0        0.0        0.0        0.0        0.0        0.0        0.0        0.0        0.0        0.0
       0.0        0.0        0.0
    2505.7     2719.7     3037.2     3384.2     3737.3     4051.1     4420.0     5324.3     6324.8     6759.6
    6620.5     6403.1     6290.6     6179.6     6031.8     5776.8     5516.2     5330.8     5447.8     5956.5
    6774.2     7472.2     8039.9     8367.5     7959.0     7226.5     6903.4     7679.0     8837.3     8469.7
    6458.4     4120.5     1981.9      545.4      140.9       68.8       25.8       17.2       11.5        7.6
       5.0        3.7        2.5        1.4        1.2        0.7        0.0        0.0        0.0        0.0
       0.0        0.0        0.0        0.0        0.0        0.0        0.0        0.0        0.0        0.0
       0.0        0.0        0.0        0.0        0.0        0.0        0.0        0.0        0.0        0.0
       0.0        0.0        0.0
    2505.7     2692.9     2961.4     3257.1     3572.0     3880.1     4232.6     5077.3     6100.1     6701.0
    6678.1     6504.0     6393.5     6310.0     6192.2     5952.2     5654.5     5358.0     5258.9     5500.1
    6202.5     6905.8     7615.3     8226.8     8289.8     7684.7     6986.3     6982.1     7990.2     8851.0
    7721.1     5499.3     3161.0     1089.7      220.9       76.3       31.3       17.9       12.2        8.9
       6.5        4.4        2.9        2.0        1.3        1.1        0.0        0.0        0.0        0.0
       0.0        0.0        0.0        0.0        0.0        0.0        0.0        0.0        0.0        0.0
       0.0        0.0        0.0        0.0        0.0        0.0        0.0        0.0        0.0        0.0
       0.0        0.0        0.0
    2505.7     2682.6     2928.1     3199.2     3491.9     3785.0     4113.5     4897.1     5913.5     6585.8
    6650.5     6524.7     6435.2     6368.8     6261.1     6036.2     5735.4     5423.3     5285.9     5431.5
    5961.8     6677.4     7401.0     8053.1     8320.9     7901.1     7200.9     6878.5     7508.0     8503.2
    8092.9     6222.2     3892.4     1495.9      298.1       85.0       33.0       19.0       13.1        9.4
       6.9        5.1        3.5        2.6        1.8        1.5        0.0        0.2        0.0        0.0
       0.0        0.0        0.0        0.0        0.0        0.0        0.0        0.0        0.0        0.0
       0.0        0.0        0.0        0.0        0.0        0.0        0.0        0.0        0.0        0.0
       0.0        0.0        0.0
    2505.7     2672.4     2894.7     3141.3     3411.9     3689.8     3994.5     4716.9     5726.9     6470.6
    6623.1     6545.5     6476.9     6427.5     6329.9     6120.0     5816.2     5488.6     5312.9     5363.0
    5721.2     6448.9     7186.7     7879.6     8352.0     8117.3     7415.5     6774.9     7025.8     8155.4
    8464.7     6945.1     4623.7     1901.9      375.3       93.5       34.6       20.0       13.9        9.9
       7.3        5.7        4.2        3.1        2.3        2.4        0.0        0.0        0.0        0.0
       0.0        0.0        0.0        0.0        0.0        0.0        0.0        0.0        0.0        0.0
       0.0        0.0        0.0        0.0        0.0        0.0        0.0        0.0        0.0        0.0
       0.0        0.0        0.0
    2505.7     2655.3     2856.8     3076.3     3326.0     3584.1     3872.6     4512.3     5476.6     6281.8
    6527.3     6477.3     6425.8     6399.4     6330.9     6158.2     5892.7     5608.1     5436.8     5347.4
    5581.2     6250.2     7032.1     7743.9     8284.0     8284.3     7696.0     6950.3     6768.5     7561.0
    8204.6     7325.5     5166.3     2169.4      355.6       96.3       39.1       21.4       13.5       10.3
       7.8        5.9        4.5        3.4        2.7        2.2        0.0        0.0        0.0        0.0
       0.0        0.0        0.0        0.0        0.0        0.0        0.0        0.0        0.0        0.0
       0.0        0.0        0.0        0.0        0.0        0.0        0.0        0.0        0.0        0.0
       0.0        0.0        0.0
    2505.7     2638.4     2818.8     3011.3     3240.2     3478.5     3750.7     4307.8     5226.3     6093.1
    6431.5     6409.1     6374.8     6371.2     6331.8     6196.4     5969.2     5727.5     5560.7     5331.8
    5441.2     6051.4     6877.5     7608.2     8216.2     8451.2     7976.4     7125.5     6511.2     6966.6
    7944.5     7705.9     5708.9     2436.7      336.0       99.0       43.7       22.8       13.2       10.8
       8.4        6.2        4.8        3.7        3.1        3.1        0.0        0.0        0.0        0.0
       0.0        0.0        0.0        0.0        0.0        0.0        0.0        0.0        0.0        0.0
       0.0        0.0        0.0        0.0        0.0        0.0        0.0        0.0        0.0        0.0
       0.0        0.0        0.0
    2505.7     2624.0     2783.1     2951.7     3154.7     3369.9     3586.9     4067.9     4956.6     5855.9
    6301.3     6316.8     6256.3     6228.9     6209.1     6132.6     5992.4     5864.6     5737.5     5352.8
    5391.1     5882.1     6636.3     7372.9     7987.4     8309.5     8093.9     7333.1     6577.0     6545.8
    7257.6     7529.4     6002.8     2499.7      244.4       64.5       34.8       21.4       13.4       11.1
       8.7        6.4        5.1        4.1        3.4        3.3        0.0        0.0        0.0        0.0
       0.0        0.0        0.0        0.0        0.0        0.0        0.0        0.0        0.0        0.0
       0.0        0.0        0.0        0.0        0.0        0.0        0.0        0.0        0.0        0.0
       0.0        0.0        0.0
    2505.7     2609.6     2747.5     2892.1     3069.2     3261.4     3423.2     3828.0     4687.0     5618.6
    6171.0     6224.4     6137.8     6086.7     6086.4     6068.7     6015.5     6001.5     5914.3     5373.8
    5341.0     5712.8     6395.1     7137.6     7758.6     8167.8     8211.3     7540.7     6642.8     6125.0
    6570.7     7353.0     6296.8     2562.7      152.9       30.1       25.9       20.0       13.6       11.4
       9.0        6.6        5.4        4.4        3.7        3.5        0.0        0.0        0.0        0.0
       0.0        0.0        0.0        0.0        0.0        0.0        0.0        0.0        0.0        0.0
       0.0        0.0        0.0        0.0        0.0        0.0        0.0        0.0        0.0        0.0
       0.0        0.0        0.0
    2505.7     2594.7     2712.8     2836.2     2988.9     3155.7     3296.0     3622.4     4402.1     5326.4
    5947.5     6146.7     6089.0     6033.3     6037.8     6031.1     6028.8     6103.2     6007.0     5452.4
    5348.4     5585.5     6096.6     6765.9     7378.8     7780.9     7969.1     7645.0     6906.9     6179.3
    6085.7     6648.5     6167.3     2531.8      130.2       28.9       21.9       17.9       13.8       11.7
       9.3        7.1        5.5        4.4        3.9        3.9        0.0        0.0        0.0        0.0
       0.0        0.0        0.0        0.0        0.0        0.0        0.0        0.0        0.0        0.0
       0.0        0.0        0.0        0.0        0.0        0.0        0.0        0.0        0.0        0.0
       0.0        0.0        0.0
    2505.7     2579.7     2678.1     2780.3     2908.5     3050.0     3168.8     3416.9     4117.3     5034.3
    5723.9     6069.0     6040.2     5979.8     5989.1     5993.5     6042.2     6204.9     6099.8     5531.0
    5355.7     5458.1     5798.1     6394.1     6999.0     7394.1     7726.9     7749.3     7170.9     6233.5
    5600.7     5944.1     6037.8     2500.8      107.4       27.6       17.8       15.9       14.1       12.0
       9.6        7.7        5.6        4.4        3.9        3.2        0.0        0.0        0.0        0.0
       0.0        0.0        0.0        0.0        0.0        0.0        0.0        0.0        0.0        0.0
       0.0        0.0        0.0        0.0        0.0        0.0        0.0        0.0        0.0        0.0
       0.0        0.0        0.0
    2505.7     2564.1     2644.5     2727.7     2834.0     2950.8     3050.4     3245.8     3824.5     4686.6
    5464.0     5927.5     6003.2     5981.0     5988.3     6005.1     6092.3     6289.8     6173.4     5623.4
    5447.2     5475.3     5690.4     6089.9     6571.8     6975.1     7373.8     7550.2     7250.8     6398.1
    5583.3     5439.4     5337.0     2374.9      100.5       27.6       17.5       15.7       14.1       12.4
      10.1        7.8        6.2        5.2        4.4        4.2        0.0        0.0        0.0        0.0
       0.0        0.0        0.0        0.0        0.0        0.0        0.0        0.0        0.0        0.0
       0.0        0.0        0.0        0.0        0.0        0.0        0.0        0.0        0.0        0.0
       0.0        0.0        0.0
    2505.7     2548.5     2610.9     2675.0     2759.5     2851.6     2932.2     3074.8     3531.6     4338.8
    5204.0     5786.0     5966.1     5982.3     5987.6     6016.7     6142.5     6374.8     6247.1     5715.9
    5538.6     5492.4     5582.8     5785.8     6144.6     6556.1     7020.6     7351.2     7330.7     6562.6
    5565.9     4934.8     4636.3     2249.0       93.5       27.6       17.1       15.6       14.0       12.7
      10.4        7.9        6.9        6.0        4.9        4.2        0.0        0.0        0.0        0.0
       0.0        0.0        0.0        0.0        0.0        0.0        0.0        0.0        0.0        0.0
       0.0        0.0        0.0        0.0        0.0        0.0        0.0        0.0        0.0        0.0
       0.0        0.0        0.0
    2505.7     2536.3     2581.1     2628.3     2694.3     2762.5     2823.8     2936.2     3274.6     3966.6
    4787.4     5452.9     5779.6     5868.4     5894.1     5943.0     6109.1     6388.4     6273.1     5775.6
    5622.3     5554.0     5533.7     5601.7     5827.3     6153.7     6611.2     6943.5     6999.0     6531.5
    5725.2     4867.6     4235.5     2046.2       96.3       27.6       17.1       15.6       14.3       12.9
      10.7        8.3        7.3        6.4        5.3        4.6        0.0        0.0        0.0        0.0
       0.0        0.0        0.0        0.0        0.0        0.0        0.0        0.0        0.0        0.0
       0.0        0.0        0.0        0.0        0.0        0.0        0.0        0.0        0.0        0.0
       0.0        0.0        0.0
    2505.7     2524.1     2551.2     2581.6     2628.9     2673.4     2715.3     2797.7     3017.6     3594.4
    4370.7     5119.6     5593.1     5754.4     5800.7     5869.3     6075.6     6402.1     6299.2     5835.2
    5706.1     5615.8     5484.7     5417.7     5510.0     5751.2     6201.9     6535.8     6667.4     6500.4
    5884.6     4800.4     3834.7     1843.4       99.0       27.6       17.0       15.7       14.6       13.1
      11.1        8.6        7.8        6.8        5.6        5.0        0.0        0.0        0.0        0.0
       0.0        0.0        0.0        0.0        0.0        0.0        0.0        0.0        0.0        0.0
       0.0        0.0        0.0        0.0        0.0        0.0        0.0        0.0        0.0        0.0
       0.0        0.0        0.0
    2505.7     2497.1     2497.6     2498.5     2510.4     2524.3     2537.0     2572.0     2650.7     2910.7
    3457.7     4135.6     4825.2     5254.2     5443.0     5564.4     5800.6     6084.7     5897.9     5448.1
    5402.3     5414.1     5373.9     5315.6     5187.1     5117.1     5254.2     5479.2     5737.9     5709.4
    5506.0     4944.9     3732.1     1405.1       97.8       27.9       17.8       17.0       15.9       14.6
      11.7        9.1        7.4        5.5        5.3        4.8        0.0        0.0        0.0        0.0
       0.0        0.0        0.0        0.0        0.0        0.0        0.0        0.0        0.0        0.0
       0.0        0.0        0.0        0.0        0.0        0.0        0.0        0.0        0.0        0.0
       0.0        0.0        0.0
    2505.7     2445.4     2410.5     2373.2     2346.3     2327.5     2305.8     2285.4     2266.6     2249.7
    2262.7     2410.0     2766.5     3265.6     3831.9     4406.8     4874.2     5016.0     4885.8     4471.4
    4252.1     4259.9     4427.8     4535.8     4402.3     4062.1     3888.5     3747.9     3399.4     3028.1
    3006.6     3020.0     2795.4     1135.6       70.4       26.2       18.0       16.1       16.0       15.5
      13.1        9.8        8.0        6.5        5.4        4.7        0.0        0.0        0.0        0.0
       0.0        0.0        0.0        0.0        0.0        0.0        0.0        0.0        0.0        0.0
       0.0        0.0        0.0        0.0        0.0        0.0        0.0        0.0        0.0        0.0
       0.0        0.0        0.0
    2505.7     2415.2     2357.7     2309.3     2277.5     2256.5     2235.8     2203.6     2171.7     2135.1
    2108.6     2083.8     2106.8     2122.0     2064.2     2104.2     2344.6     2696.5     3098.0     3406.3
    3470.3     3597.3     3787.7     3947.6     3944.1     3793.7     3611.6     3474.3     3112.0     2488.6
    1935.2     1623.4     1125.1      479.6       90.6       23.4       15.9       14.0       13.6       12.5
      10.8        9.0        7.9        6.5        5.6        4.4        0.0        0.0        0.0        0.0
       0.0        0.0        0.0        0.0        0.0        0.0        0.0        0.0        0.0        0.0
       0.0        0.0        0.0        0.0        0.0        0.0        0.0        0.0        0.0        0.0
       0.0        0.0        0.0
    2505.7     2377.6     2311.2     2267.6     2231.8     2207.8     2197.1     2191.2     2159.5     2132.1
    2107.8     2067.2     2021.2     1903.7     1709.8     1536.1     1488.9     1533.0     1608.5     1640.7
    1692.9     1693.8     1736.4     1875.1     2159.4     2505.6     2592.1     2487.4     2449.3     1957.2
    1509.6     1104.6      757.7      399.0       32.3       19.1       13.1       11.5       11.2       10.7
       9.5        8.6        7.1        5.9        4.3        2.0        0.0        0.0        0.0        0.0
       0.0        0.0        0.0        0.0        0.0        0.0        0.0        0.0        0.0        0.0
       0.0        0.0        0.0        0.0        0.0        0.0        0.0        0.0        0.0        0.0
       0.0        0.0        0.0
    2505.7     2353.1     2278.8     2231.8     2202.3     2176.4     2153.7     2150.9     2143.6     2143.5
    2133.3     2092.7     2028.7     1812.6     1520.2     1312.5     1247.9     1234.9     1212.4     1196.3
    1184.3     1210.5     1250.0     1233.2     1208.2     1097.1      937.6      739.1      506.2      314.3
     171.3       99.7       62.0       44.3       25.4       14.2        9.1        8.3        8.1        7.8
       7.3        6.6        4.7        2.6        1.3        0.0        0.0        0.0        0.0        0.0
       0.0        0.0        0.0        0.0        0.0        0.0        0.0        0.0        0.0        0.0
       0.0        0.0        0.0        0.0        0.0        0.0        0.0        0.0        0.0        0.0
       0.0        0.0        0.0
    2505.7     2334.1     2258.4     2214.4     2186.4     2164.0     2143.4     2129.8     2117.8     2108.0
    2110.1     2088.3     1988.2     1744.5     1465.5     1275.0     1183.1     1125.3     1059.1      974.0
     863.8      751.8      641.6      542.5      440.9      341.5      241.2      169.5      123.8       89.5
      72.5       65.2       48.3       36.9       23.3       12.0        6.1        4.9        5.0        5.3
       5.0        3.6        2.6        1.7        0.0        0.0        0.0        0.0        0.0        0.0
       0.0        0.0        0.0        0.0        0.0        0.0        0.0        0.0        0.0        0.0
       0.0        0.0        0.0        0.0        0.0        0.0        0.0        0.0        0.0        0.0
       0.0        0.0        0.0
    2505.7     2316.8     2242.8     2207.2     2177.1     2153.2     2130.7     2108.8     2084.9     2056.3
    2042.2     2002.5     1889.0     1656.5     1384.2     1182.8     1056.1      934.3      802.9      671.9
     538.6      403.1      274.2      190.1      135.8      112.9       96.7       83.4       70.0       57.2
      53.9       56.4       41.8       30.9       19.3        8.3        3.2        2.7        2.9        3.1
       2.0        0.0        0.0        0.0        0.0        0.0        0.0        0.0        0.0        0.0
       0.0        0.0        0.0        0.0        0.0        0.0        0.0        0.0        0.0        0.0
       0.0        0.0        0.0        0.0        0.0        0.0        0.0        0.0        0.0        0.0
       0.0        0.0        0.0
    2505.7     2296.1     2229.6     2209.7     2176.3     2150.0     2123.5     2086.9     2041.0     2003.3
    1960.8     1901.1     1775.5     1573.4     1304.0     1052.3      839.2      610.8      381.1      238.6
     185.4      160.4      141.9      127.9      107.9       93.5       80.3       68.4       56.5       45.9
      39.0       30.0       21.9       13.7        8.5        4.3        1.3        0.0        0.0        0.0
       0.0        0.0        0.0        0.0        0.0        0.0        0.0        0.0        0.0        0.0
       0.0        0.0        0.0        0.0        0.0        0.0        0.0        0.0        0.0        0.0
       0.0        0.0        0.0        0.0        0.0        0.0        0.0        0.0        0.0        0.0
       0.0        0.0        0.0
    2505.7     2303.4     2223.5     2185.5     2154.5     2131.5     2104.9     2072.3     2048.2     2008.2
    1937.8     1865.6     1769.3     1595.0     1292.4      909.6      563.3      365.5      255.5      191.8
     164.5      144.2      130.4      119.9      106.4       90.0       74.4       61.1       49.8       40.0
      32.4       24.4       18.0       12.3        7.7        3.2        0.3        0.0        0.0        0.0
       0.0        0.0        0.0        0.0        0.0        0.0        0.0        0.0        0.0        0.0
       0.0        0.0        0.0        0.0        0.0        0.0        0.0        0.0        0.0        0.0
       0.0        0.0        0.0        0.0        0.0        0.0        0.0        0.0        0.0        0.0
       0.0        0.0        0.0
    2505.7     2307.1     2220.4     2173.4     2143.5     2122.3     2095.6     2065.0     2051.7     2010.6
    1926.3     1847.9     1766.2     1605.8     1286.6      838.1      425.3      242.9      192.7      168.5
     154.1      136.2      124.8      115.9      105.7       88.2       71.5       57.4       46.5       37.0
      29.0       21.6       16.1       11.6        7.3        2.7        0.0        0.0        0.0        0.0
       0.0        0.0        0.0        0.0        0.0        0.0        0.0        0.0        0.0        0.0
       0.0        0.0        0.0        0.0        0.0        0.0        0.0        0.0        0.0        0.0
       0.0        0.0        0.0        0.0        0.0        0.0        0.0        0.0        0.0        0.0
       0.0        0.0        0.0
